zone 8 (Europe)

lat_point_list = [73.50, 74.20, 71.43, 70.24, 66.12, 63.00, 62.27, 61.36, 60.32, 62.17, 61.83, 60.72, 61.74, 60.33, 60.53, 59.05, 64.31, 67.17, 67.13, 73.50]
lon_point_list = [60.18, 51.70, 19.49, 19.39, 13.43, 12.22, 8.89, 8.29, 16.46, 17.58, 21.41, 23.74, 31.01, 34.94, 50.59, 59.9, 54.73, 57.15, 59.27, 60.18]

zone 5 (Europe)

lat_point_list = [61.36, 60.32, 62.17, 61.83, 60.72, 61.74, 60.33, 60.53, 59.05, 59.55, 49.84, 45.27, 37.51, 37.71, 35.10, 38.69, 37.65, 39.02, 37.71, 39.77, 41.44, 40.45, 41.57, 42.23, 44.40, 41.97, 40.58, 40.38, 45.52, 49.09, 55.03, 58.68, 58.74, 60.58, 60.52, 59.47, 59.15, 59.84, 60.26, 59.04, 59.02, 59.60, 59.35, 61.36]
lon_point_list = [8.29, 16.46, 17.58, 21.41, 23.74, 31.01, 34.94, 50.59, 59.9, 62.14, 49.92, 58.18, 58.18, 49.31, 48.78, 39.02, 36.74, 34.28, 33.05, 30.06, 33.84, 37.00, 41.75, 42.54, 33.75, 27.69, 26.72, 21.88, 15.56, 15.38, 20.04, 23.56, 21.26, 21.14, 18.46, 18.36, 17.71, 16.83, 16.88, 15.16, 12.52, 10.50, 8.57, 8.29]

zone5b (Europe)
lat_point_list = [45.51, 45.57, 45.22, 45.00, 45.19, 44.62, 44.43, 44.94, 45.51]
lon_point_list = [12.35, 8.72, 7.61, 8.26, 8.95, 10.29, 12.35, 12.66, 12.35]

zone 7 (Europe)
lat_point_list = [70.24, 66.12, 63.00, 62.27, 61.36, 62.06, 63.41, 62.17, 62.90, 65.43, 65.28, 66.61, 64.61, 70.67, 70.24]
lon_point_list = [19.39, 13.43, 12.22, 8.89, 8.29, 6.57, 7.18, -22.63, -23.21, -23.50, -21.58, -17.29, -15.54, 17.85, 19.39]

zone 4 (Europe)
lat_point_list = [40.38, 45.52, 49.09, 55.03, 58.68, 58.74, 60.58, 60.52, 59.47, 59.15, 59.84, 60.26, 59.04, 59.02, 59.60, 59.35, 61.36, 62.06, 63.41, 62.17, 62.90, 54.29, 53.26, 52.69, 53.88, 53.67, 52.03, 51.31, 49.83, 48.08, 45.42, 44.89, 45.38, 44.52, 44.39, 43.77, 44.04, 45.35, 43.84, 43.39, 40.38]
lon_point_list = [21.88, 15.56, 15.38, 20.04, 23.56, 21.26, 21.14, 18.46, 18.36, 17.71, 16.83, 16.88, 15.16, 12.52, 10.50, 8.57, 8.29, 6.57, 7.18, -22.63, -23.21, -9.40, -9.11, -7.14, -6.10, -4.01, -4.82, -4.65, -0.01, -1.23, 0.92, 5.50, 7.18, 7.70, 10.31, 11.70, 13.30, 13.50, 15.55, 17.61, 21.88]

zone 3 (Europe)
lat_point_list = [54.29, 53.26, 52.69, 53.88, 53.67, 52.03, 51.31, 49.83, 48.08, 45.42, 44.89, 45.38, 44.52, 44.39, 43.77, 44.04, 45.35, 43.84, 43.39, 40.38, 40.58, 41.97, 44.40, 42.23, 41.57, 40.45, 41.44, 39.77, 37.71, 39.02, 37.65, 38.69, 35.10, 37.71, 37.51, 32.16, 32.16, 26.17, 26.17, 40.28, 55.65, 54.29]
lon_point_list = [-9.40, -9.11, -7.14, -6.10, -4.01, -4.82, -4.65, -0.01, -1.23, 0.92, 5.50, 7.18, 7.70, 10.31, 11.70, 13.30, 13.50, 15.55, 17.61, 21.88, 26.72, 27.69, 33.75, 42.54, 41.75, 37.00, 33.84, 30.06, 33.05, 34.28, 36.74, 39.02, 48.78, 49.31, 58.18, 58.18, -9.87, -15.44, -33.64, -33.64, -15.44, -9.40]



